341 13277 5
380 4505 1
393 4627 1
397 4631 1
458 6104 6
475 7224 6
545 6157 6
546 6158 6
547 6159 6
548 6160 6
549 6161 6
550 6162 6
551 6163 6
552 6164 6
553 6165 6
554 6166 6
798 3391 1
882 6640 6
1492 7009 6
1565 7082 6
1567 7084 6
1608 7123 6
1665 7184 6
1678 7207 6
2095 9811 1
2096 9812 1
2660 11978 1
2814 9971 1
3697 4938 1
4494 2291 1
4837 11297 1
4866 13300 1
4893 9465 1
4894 9466 1
4895 9467 1
5238 11096 1
5271 11162 1
5756 12683 1
6280 14245 1
6281 14246 1
6374 6278 6
6689 8819 1
6714 4232 1
6827 2588 6
6907 7 1
6909 2100 6
7070 654 1
7080 8528 1
7083 8115 6
7115 8534 1
7183 5668 1
7273 7817 1
7353 702 1
7603 12179 1
7714 2877 1
7857 3634 6
8038 4292 1
8213 9209 1
8300 8829 1
8325 7394 1
8348 4670 6
8360 4663 6
8478 2190 1
8484 2196 1
8490 2202 1
8496 27 1
8502 2794 6
8916 4990 1
9192 713 1
9650 12413 6
10036 520 6
10038 5605 6
10039 519 6
10334 4220 1
10364 58 1
10370 59 1
10371 60 1
10379 62 1
10383 63 1
10389 64 1
10466 176 1
10549 7774 1
10555 616 1
10784 66 1
11125 453 1
11484 6215 1
11485 596 1
11488 6214 1
11828 783 1