34 7604 1
115 12078 1
128 12091 1
219 6479 1
239 449 1
240 450 1
245 470 1
249 492 1
265 643 1
977 5735 1
1077 7317 1
2315 5445 1
2317 5447 1
2559 10461 1
2696 10425 1
2723 10683 1
2770 10532 1
2834 10982 1
2873 11384 1
3019 11891 1
3468 11121 1
3630 12314 1
3751 4727 1
3939 14569 1
3949 14579 1
3950 14580 1
3957 14587 1
4003 14518 1
4021 14543 1
4257 10594 1
4464 13784 1
4465 13785 1
4834 9090 1
4953 1187 1
4954 1185 1
5023 2512 1
5032 2525 1
5152 7506 1
5509 9427 6
5529 9883 1
5579 9715 1
5580 9716 1
5648 9706 1
5728 6732 6
5872 2021 1
6227 7273 1
6303 10356 1
6307 10359 1
6529 2231 6
6809 11272 1
6914 8626 6
7932 10442 1
7946 10437 1
8961 7464 1