3923 687 6
3940 729 6
3950 650 6
3976 118 6
4019 684 6
4027 723 6
4042 741 6
4045 738 6
4046 739 6
4109 712 6
4121 702 6
4181 708 6
4224 1085 1
4285 1054 6
4286 1055 1
4311 1608 6
4333 247 1
4334 248 1
4457 1098 6
4468 1108 1
4473 1113 1
4477 1117 1
4478 1118 1
4481 1121 1
4482 1122 1
4485 1125 1
4657 1342 1
4999 935 1
5185 693 6
5366 191 1
5503 831 1
5506 836 1
5509 841 1
5571 1510 1
5574 1512 1
3927 131 1
4323 1541 1
4769 1430 1
4796 1478 1
4813 1492 1
4830 1508 1
4834 1523 1
4837 1526 1
4840 1528 1
4853 1432 1